[gd_scene load_steps=11 format=2]

[sub_resource type="GDScript" id=1]
script/source = "extends Area

var bodies={}
export var forcevector = Vector3(0.0,1.0,0.0)
export var force = 1000

func _physics_process(_delta):
	for body in bodies.values():
		if(isFirstIntersectionWithAWindArea(body)):
			body.add_force(forcevector*force, Vector3(0,0,0))
		pass
	pass

func isFirstIntersectionWithAWindArea(body):
	var result = get_world().direct_space_state.intersect_ray(body.translation, forcevector*-1,[body])
	if result.empty() :
		return true
		
	if result[\"collider\"].is_in_group(\"blocksWind\") or result[\"collider\"].is_in_group(\"blocksWind\") :
		return false
	else:
		return true

func _on_WindArea_body_entered(body):
	if body.is_in_group(\"wind\"):
		bodies[body.name] = body
	pass # Replace with function body.


func _on_WindArea_body_exited(body):
	if body.is_in_group(\"wind\"):
		bodies.erase(body.name)
	pass # Replace with function body.
"

[sub_resource type="BoxShape" id=2]
extents = Vector3( 24.785, 40.0441, 24.5307 )

[sub_resource type="BoxShape" id=3]
extents = Vector3( 1.00984, 1.01106, 1 )

[sub_resource type="CubeMesh" id=4]

[sub_resource type="SpatialMaterial" id=5]
albedo_color = Color( 0.258824, 0.905882, 0, 1 )

[sub_resource type="SpatialMaterial" id=6]
albedo_color = Color( 0.980392, 0, 0, 1 )

[sub_resource type="BoxShape" id=7]
extents = Vector3( 12.7376, 1.51441, 11.1328 )

[sub_resource type="SpatialMaterial" id=8]
albedo_color = Color( 0.121569, 0.160784, 0.152941, 1 )

[sub_resource type="PlaneMesh" id=9]
material = SubResource( 8 )
size = Vector2( 50, 50 )

[sub_resource type="BoxShape" id=10]
extents = Vector3( 119.529, 1.26253, 106.532 )

[node name="Main" type="Spatial"]

[node name="SimpleWindArea" type="Area" parent="." groups=[
"WindArea",
]]
transform = Transform( 1, 0, 0, 0, 1, 0, 0, 0, 1, 4.63078, 2.0894, 3.92703 )
script = SubResource( 1 )

[node name="CollisionShape" type="CollisionShape" parent="SimpleWindArea"]
transform = Transform( 1, 0, 0, 0, 1, 0, 0, 0, 1, -4.66825, 1.70264, -1.68796 )
shape = SubResource( 2 )

[node name="WindBlownBody" type="RigidBody" parent="." groups=[
"wind",
]]
transform = Transform( 1, 0, 0, 0, 1, 0, 0, 0, 1, -0.669582, 13.135, 6.44597 )
mass = 25.0
__meta__ = {
"_edit_group_": true
}

[node name="CollisionShape2" type="CollisionShape" parent="WindBlownBody"]
shape = SubResource( 3 )

[node name="MeshInstance" type="MeshInstance" parent="WindBlownBody"]
mesh = SubResource( 4 )
material/0 = SubResource( 5 )

[node name="Affected Bodies" type="Spatial" parent="."]
transform = Transform( 1, 0, 0, 0, 1, 0, 0, 0, 1, -0.669582, 13.135, 6.44597 )

[node name="WindBlownBody2" type="RigidBody" parent="Affected Bodies" groups=[
"wind",
]]
transform = Transform( 0.678121, 0.73495, 0, -0.38929, 0.359189, -0.848196, -0.623382, 0.57518, 0.529682, 1.69544, 22.0354, -25.8191 )
mass = 25.0
__meta__ = {
"_edit_group_": true
}

[node name="CollisionShape2" type="CollisionShape" parent="Affected Bodies/WindBlownBody2"]
shape = SubResource( 3 )

[node name="MeshInstance" type="MeshInstance" parent="Affected Bodies/WindBlownBody2"]
mesh = SubResource( 4 )
material/0 = SubResource( 5 )

[node name="WindBlownBody4" type="RigidBody" parent="Affected Bodies" groups=[
"wind",
]]
transform = Transform( 1, 0, 0, 0, 1, 0, 0, 0, 1, 0, 26.9522, -7.73582 )
mass = 25.0
__meta__ = {
"_edit_group_": true
}

[node name="CollisionShape2" type="CollisionShape" parent="Affected Bodies/WindBlownBody4"]
shape = SubResource( 3 )

[node name="MeshInstance" type="MeshInstance" parent="Affected Bodies/WindBlownBody4"]
mesh = SubResource( 4 )
material/0 = SubResource( 5 )

[node name="WindBlownBody3" type="RigidBody" parent="Affected Bodies" groups=[
"wind",
]]
transform = Transform( 0.678121, 0.73495, 0, -0.38929, 0.359189, -0.848196, -0.623382, 0.57518, 0.529682, 1.69544, 22.0354, -25.8191 )
mass = 25.0
__meta__ = {
"_edit_group_": true
}

[node name="CollisionShape2" type="CollisionShape" parent="Affected Bodies/WindBlownBody3"]
shape = SubResource( 3 )

[node name="MeshInstance" type="MeshInstance" parent="Affected Bodies/WindBlownBody3"]
mesh = SubResource( 4 )
material/0 = SubResource( 5 )

[node name="WindBlownBody6" type="RigidBody" parent="Affected Bodies" groups=[
"wind",
]]
transform = Transform( 1, 0, 0, 0, 1, 0, 0, 0, 1, 0, 26.9522, -7.73582 )
mass = 25.0
__meta__ = {
"_edit_group_": true
}

[node name="CollisionShape2" type="CollisionShape" parent="Affected Bodies/WindBlownBody6"]
shape = SubResource( 3 )

[node name="MeshInstance" type="MeshInstance" parent="Affected Bodies/WindBlownBody6"]
mesh = SubResource( 4 )
material/0 = SubResource( 5 )

[node name="WindBlownBody5" type="RigidBody" parent="Affected Bodies" groups=[
"wind",
]]
transform = Transform( 0.678121, 0.73495, 0, -0.38929, 0.359189, -0.848196, -0.623382, 0.57518, 0.529682, 1.69544, 22.0354, -25.8191 )
mass = 25.0
__meta__ = {
"_edit_group_": true
}

[node name="CollisionShape2" type="CollisionShape" parent="Affected Bodies/WindBlownBody5"]
shape = SubResource( 3 )

[node name="MeshInstance" type="MeshInstance" parent="Affected Bodies/WindBlownBody5"]
mesh = SubResource( 4 )
material/0 = SubResource( 5 )

[node name="WindBlownBody8" type="RigidBody" parent="Affected Bodies" groups=[
"wind",
]]
mass = 25.0
__meta__ = {
"_edit_group_": true
}

[node name="CollisionShape2" type="CollisionShape" parent="Affected Bodies/WindBlownBody8"]
shape = SubResource( 3 )

[node name="MeshInstance" type="MeshInstance" parent="Affected Bodies/WindBlownBody8"]
mesh = SubResource( 4 )
material/0 = SubResource( 5 )

[node name="WindBlownBody7" type="RigidBody" parent="Affected Bodies" groups=[
"wind",
]]
transform = Transform( 0.678121, 0.73495, 0, -0.38929, 0.359189, -0.848196, -0.623382, 0.57518, 0.529682, 1.69544, -4.91677, -18.0833 )
mass = 25.0
__meta__ = {
"_edit_group_": true
}

[node name="CollisionShape2" type="CollisionShape" parent="Affected Bodies/WindBlownBody7"]
shape = SubResource( 3 )

[node name="MeshInstance" type="MeshInstance" parent="Affected Bodies/WindBlownBody7"]
mesh = SubResource( 4 )
material/0 = SubResource( 5 )

[node name="WindBlownBody16" type="RigidBody" parent="Affected Bodies" groups=[
"wind",
]]
transform = Transform( 1, 0, 0, 0, 1, 0, 0, 0, 1, 0, 0, -4.1268 )
mass = 25.0
__meta__ = {
"_edit_group_": true
}

[node name="CollisionShape2" type="CollisionShape" parent="Affected Bodies/WindBlownBody16"]
shape = SubResource( 3 )

[node name="MeshInstance" type="MeshInstance" parent="Affected Bodies/WindBlownBody16"]
mesh = SubResource( 4 )
material/0 = SubResource( 5 )

[node name="WindBlownBody15" type="RigidBody" parent="Affected Bodies" groups=[
"wind",
]]
transform = Transform( 0.678121, 0.73495, 0, -0.38929, 0.359189, -0.848196, -0.623382, 0.57518, 0.529682, 1.69544, 22.0354, -29.9459 )
mass = 25.0
__meta__ = {
"_edit_group_": true
}

[node name="CollisionShape2" type="CollisionShape" parent="Affected Bodies/WindBlownBody15"]
shape = SubResource( 3 )

[node name="MeshInstance" type="MeshInstance" parent="Affected Bodies/WindBlownBody15"]
mesh = SubResource( 4 )
material/0 = SubResource( 5 )

[node name="WindBlownBody14" type="RigidBody" parent="Affected Bodies" groups=[
"wind",
]]
transform = Transform( 1, 0, 0, 0, 1, 0, 0, 0, 1, 0, 26.9522, -11.8626 )
mass = 25.0
__meta__ = {
"_edit_group_": true
}

[node name="CollisionShape2" type="CollisionShape" parent="Affected Bodies/WindBlownBody14"]
shape = SubResource( 3 )

[node name="MeshInstance" type="MeshInstance" parent="Affected Bodies/WindBlownBody14"]
mesh = SubResource( 4 )
material/0 = SubResource( 5 )

[node name="WindBlownBody13" type="RigidBody" parent="Affected Bodies" groups=[
"wind",
]]
transform = Transform( 0.678121, 0.73495, 0, -0.38929, 0.359189, -0.848196, -0.623382, 0.57518, 0.529682, 1.69544, 22.0354, -29.9459 )
mass = 25.0
__meta__ = {
"_edit_group_": true
}

[node name="CollisionShape2" type="CollisionShape" parent="Affected Bodies/WindBlownBody13"]
shape = SubResource( 3 )

[node name="MeshInstance" type="MeshInstance" parent="Affected Bodies/WindBlownBody13"]
mesh = SubResource( 4 )
material/0 = SubResource( 5 )

[node name="WindBlownBody12" type="RigidBody" parent="Affected Bodies" groups=[
"wind",
]]
transform = Transform( 1, 0, 0, 0, 1, 0, 0, 0, 1, 0, 26.9522, -11.8626 )
mass = 25.0
__meta__ = {
"_edit_group_": true
}

[node name="CollisionShape2" type="CollisionShape" parent="Affected Bodies/WindBlownBody12"]
shape = SubResource( 3 )

[node name="MeshInstance" type="MeshInstance" parent="Affected Bodies/WindBlownBody12"]
mesh = SubResource( 4 )
material/0 = SubResource( 5 )

[node name="WindBlownBody11" type="RigidBody" parent="Affected Bodies" groups=[
"wind",
]]
transform = Transform( 0.678121, 0.73495, 0, -0.38929, 0.359189, -0.848196, -0.623382, 0.57518, 0.529682, 1.69544, 22.0354, -29.9459 )
mass = 25.0
__meta__ = {
"_edit_group_": true
}

[node name="CollisionShape2" type="CollisionShape" parent="Affected Bodies/WindBlownBody11"]
shape = SubResource( 3 )

[node name="MeshInstance" type="MeshInstance" parent="Affected Bodies/WindBlownBody11"]
mesh = SubResource( 4 )
material/0 = SubResource( 5 )

[node name="WindBlownBody10" type="RigidBody" parent="Affected Bodies" groups=[
"wind",
]]
transform = Transform( 1, 0, 0, 0, 1, 0, 0, 0, 1, 0, 0, -4.1268 )
mass = 25.0
__meta__ = {
"_edit_group_": true
}

[node name="CollisionShape2" type="CollisionShape" parent="Affected Bodies/WindBlownBody10"]
shape = SubResource( 3 )

[node name="MeshInstance" type="MeshInstance" parent="Affected Bodies/WindBlownBody10"]
mesh = SubResource( 4 )
material/0 = SubResource( 5 )

[node name="WindBlownBody9" type="RigidBody" parent="Affected Bodies" groups=[
"wind",
]]
transform = Transform( 0.678121, 0.73495, 0, -0.38929, 0.359189, -0.848196, -0.623382, 0.57518, 0.529682, 1.69544, -4.91677, -22.2101 )
mass = 25.0
__meta__ = {
"_edit_group_": true
}

[node name="CollisionShape2" type="CollisionShape" parent="Affected Bodies/WindBlownBody9"]
shape = SubResource( 3 )

[node name="MeshInstance" type="MeshInstance" parent="Affected Bodies/WindBlownBody9"]
mesh = SubResource( 4 )
material/0 = SubResource( 5 )

[node name="WindBlownBody24" type="RigidBody" parent="Affected Bodies" groups=[
"wind",
]]
transform = Transform( 1, 0, 0, 0, 1, 0, 0, 0, 1, 0, 18.8608, -4.1268 )
mass = 25.0
__meta__ = {
"_edit_group_": true
}

[node name="CollisionShape2" type="CollisionShape" parent="Affected Bodies/WindBlownBody24"]
shape = SubResource( 3 )

[node name="MeshInstance" type="MeshInstance" parent="Affected Bodies/WindBlownBody24"]
mesh = SubResource( 4 )
material/0 = SubResource( 5 )

[node name="WindBlownBody23" type="RigidBody" parent="Affected Bodies" groups=[
"wind",
]]
transform = Transform( 0.678121, 0.73495, 0, -0.38929, 0.359189, -0.848196, -0.623382, 0.57518, 0.529682, 1.69544, 40.8962, -29.9459 )
mass = 25.0
__meta__ = {
"_edit_group_": true
}

[node name="CollisionShape2" type="CollisionShape" parent="Affected Bodies/WindBlownBody23"]
shape = SubResource( 3 )

[node name="MeshInstance" type="MeshInstance" parent="Affected Bodies/WindBlownBody23"]
mesh = SubResource( 4 )
material/0 = SubResource( 5 )

[node name="WindBlownBody22" type="RigidBody" parent="Affected Bodies" groups=[
"wind",
]]
transform = Transform( 1, 0, 0, 0, 1, 0, 0, 0, 1, 0, 45.8129, -11.8626 )
mass = 25.0
__meta__ = {
"_edit_group_": true
}

[node name="CollisionShape2" type="CollisionShape" parent="Affected Bodies/WindBlownBody22"]
shape = SubResource( 3 )

[node name="MeshInstance" type="MeshInstance" parent="Affected Bodies/WindBlownBody22"]
mesh = SubResource( 4 )
material/0 = SubResource( 5 )

[node name="WindBlownBody21" type="RigidBody" parent="Affected Bodies" groups=[
"wind",
]]
transform = Transform( 0.678121, 0.73495, 0, -0.38929, 0.359189, -0.848196, -0.623382, 0.57518, 0.529682, 1.69544, 40.8962, -29.9459 )
mass = 25.0
__meta__ = {
"_edit_group_": true
}

[node name="CollisionShape2" type="CollisionShape" parent="Affected Bodies/WindBlownBody21"]
shape = SubResource( 3 )

[node name="MeshInstance" type="MeshInstance" parent="Affected Bodies/WindBlownBody21"]
mesh = SubResource( 4 )
material/0 = SubResource( 5 )

[node name="WindBlownBody20" type="RigidBody" parent="Affected Bodies" groups=[
"wind",
]]
transform = Transform( 1, 0, 0, 0, 1, 0, 0, 0, 1, 0, 45.8129, -11.8626 )
mass = 25.0
__meta__ = {
"_edit_group_": true
}

[node name="CollisionShape2" type="CollisionShape" parent="Affected Bodies/WindBlownBody20"]
shape = SubResource( 3 )

[node name="MeshInstance" type="MeshInstance" parent="Affected Bodies/WindBlownBody20"]
mesh = SubResource( 4 )
material/0 = SubResource( 5 )

[node name="WindBlownBody19" type="RigidBody" parent="Affected Bodies" groups=[
"wind",
]]
transform = Transform( 0.678121, 0.73495, 0, -0.38929, 0.359189, -0.848196, -0.623382, 0.57518, 0.529682, 1.69544, 40.8962, -29.9459 )
mass = 25.0
__meta__ = {
"_edit_group_": true
}

[node name="CollisionShape2" type="CollisionShape" parent="Affected Bodies/WindBlownBody19"]
shape = SubResource( 3 )

[node name="MeshInstance" type="MeshInstance" parent="Affected Bodies/WindBlownBody19"]
mesh = SubResource( 4 )
material/0 = SubResource( 5 )

[node name="WindBlownBody18" type="RigidBody" parent="Affected Bodies" groups=[
"wind",
]]
transform = Transform( 1, 0, 0, 0, 1, 0, 0, 0, 1, 0, 18.8608, -4.1268 )
mass = 25.0
__meta__ = {
"_edit_group_": true
}

[node name="CollisionShape2" type="CollisionShape" parent="Affected Bodies/WindBlownBody18"]
shape = SubResource( 3 )

[node name="MeshInstance" type="MeshInstance" parent="Affected Bodies/WindBlownBody18"]
mesh = SubResource( 4 )
material/0 = SubResource( 5 )

[node name="WindBlownBody17" type="RigidBody" parent="Affected Bodies" groups=[
"wind",
]]
transform = Transform( 0.678121, 0.73495, 0, -0.38929, 0.359189, -0.848196, -0.623382, 0.57518, 0.529682, 1.69544, 13.944, -22.2101 )
mass = 25.0
__meta__ = {
"_edit_group_": true
}

[node name="CollisionShape2" type="CollisionShape" parent="Affected Bodies/WindBlownBody17"]
shape = SubResource( 3 )

[node name="MeshInstance" type="MeshInstance" parent="Affected Bodies/WindBlownBody17"]
mesh = SubResource( 4 )
material/0 = SubResource( 5 )

[node name="WindBlownBody32" type="RigidBody" parent="Affected Bodies" groups=[
"wind",
]]
transform = Transform( 1, 0, 0, 0, 1, 0, 0, 0, 1, 0, 35.1017, -4.1268 )
mass = 25.0
__meta__ = {
"_edit_group_": true
}

[node name="CollisionShape2" type="CollisionShape" parent="Affected Bodies/WindBlownBody32"]
shape = SubResource( 3 )

[node name="MeshInstance" type="MeshInstance" parent="Affected Bodies/WindBlownBody32"]
mesh = SubResource( 4 )
material/0 = SubResource( 5 )

[node name="WindBlownBody31" type="RigidBody" parent="Affected Bodies" groups=[
"wind",
]]
transform = Transform( 0.678121, 0.73495, 0, -0.38929, 0.359189, -0.848196, -0.623382, 0.57518, 0.529682, 1.69544, 57.1371, -29.9459 )
mass = 25.0
__meta__ = {
"_edit_group_": true
}

[node name="CollisionShape2" type="CollisionShape" parent="Affected Bodies/WindBlownBody31"]
shape = SubResource( 3 )

[node name="MeshInstance" type="MeshInstance" parent="Affected Bodies/WindBlownBody31"]
mesh = SubResource( 4 )
material/0 = SubResource( 5 )

[node name="WindBlownBody30" type="RigidBody" parent="Affected Bodies" groups=[
"wind",
]]
transform = Transform( 1, 0, 0, 0, 1, 0, 0, 0, 1, 0, 62.0539, -11.8626 )
mass = 25.0
__meta__ = {
"_edit_group_": true
}

[node name="CollisionShape2" type="CollisionShape" parent="Affected Bodies/WindBlownBody30"]
shape = SubResource( 3 )

[node name="MeshInstance" type="MeshInstance" parent="Affected Bodies/WindBlownBody30"]
mesh = SubResource( 4 )
material/0 = SubResource( 5 )

[node name="WindBlownBody29" type="RigidBody" parent="Affected Bodies" groups=[
"wind",
]]
transform = Transform( 0.678121, 0.73495, 0, -0.38929, 0.359189, -0.848196, -0.623382, 0.57518, 0.529682, 1.69544, 57.1371, -29.9459 )
mass = 25.0
__meta__ = {
"_edit_group_": true
}

[node name="CollisionShape2" type="CollisionShape" parent="Affected Bodies/WindBlownBody29"]
shape = SubResource( 3 )

[node name="MeshInstance" type="MeshInstance" parent="Affected Bodies/WindBlownBody29"]
mesh = SubResource( 4 )
material/0 = SubResource( 5 )

[node name="WindBlownBody28" type="RigidBody" parent="Affected Bodies" groups=[
"wind",
]]
transform = Transform( 1, 0, 0, 0, 1, 0, 0, 0, 1, 0, 62.0539, -11.8626 )
mass = 25.0
__meta__ = {
"_edit_group_": true
}

[node name="CollisionShape2" type="CollisionShape" parent="Affected Bodies/WindBlownBody28"]
shape = SubResource( 3 )

[node name="MeshInstance" type="MeshInstance" parent="Affected Bodies/WindBlownBody28"]
mesh = SubResource( 4 )
material/0 = SubResource( 5 )

[node name="WindBlownBody27" type="RigidBody" parent="Affected Bodies" groups=[
"wind",
]]
transform = Transform( 0.678121, 0.73495, 0, -0.38929, 0.359189, -0.848196, -0.623382, 0.57518, 0.529682, 1.69544, 57.1371, -29.9459 )
mass = 25.0
__meta__ = {
"_edit_group_": true
}

[node name="CollisionShape2" type="CollisionShape" parent="Affected Bodies/WindBlownBody27"]
shape = SubResource( 3 )

[node name="MeshInstance" type="MeshInstance" parent="Affected Bodies/WindBlownBody27"]
mesh = SubResource( 4 )
material/0 = SubResource( 5 )

[node name="WindBlownBody26" type="RigidBody" parent="Affected Bodies" groups=[
"wind",
]]
transform = Transform( 1, 0, 0, 0, 1, 0, 0, 0, 1, 0, 35.1017, -4.1268 )
mass = 25.0
__meta__ = {
"_edit_group_": true
}

[node name="CollisionShape2" type="CollisionShape" parent="Affected Bodies/WindBlownBody26"]
shape = SubResource( 3 )

[node name="MeshInstance" type="MeshInstance" parent="Affected Bodies/WindBlownBody26"]
mesh = SubResource( 4 )
material/0 = SubResource( 5 )

[node name="WindBlownBody25" type="RigidBody" parent="Affected Bodies" groups=[
"wind",
]]
transform = Transform( 0.678121, 0.73495, 0, -0.38929, 0.359189, -0.848196, -0.623382, 0.57518, 0.529682, 1.69544, 30.1849, -22.2101 )
mass = 25.0
__meta__ = {
"_edit_group_": true
}

[node name="CollisionShape2" type="CollisionShape" parent="Affected Bodies/WindBlownBody25"]
shape = SubResource( 3 )

[node name="MeshInstance" type="MeshInstance" parent="Affected Bodies/WindBlownBody25"]
mesh = SubResource( 4 )
material/0 = SubResource( 5 )

[node name="WindBlownBody40" type="RigidBody" parent="Affected Bodies" groups=[
"wind",
]]
transform = Transform( 1, 0, 0, 0, 1, 0, 0, 0, 1, 0, 42.4614, -4.1268 )
mass = 25.0
__meta__ = {
"_edit_group_": true
}

[node name="CollisionShape2" type="CollisionShape" parent="Affected Bodies/WindBlownBody40"]
shape = SubResource( 3 )

[node name="MeshInstance" type="MeshInstance" parent="Affected Bodies/WindBlownBody40"]
mesh = SubResource( 4 )
material/0 = SubResource( 5 )

[node name="WindBlownBody39" type="RigidBody" parent="Affected Bodies" groups=[
"wind",
]]
transform = Transform( 0.678121, 0.73495, 0, -0.38929, 0.359189, -0.848196, -0.623382, 0.57518, 0.529682, 1.69544, 64.4968, -29.9459 )
mass = 25.0
__meta__ = {
"_edit_group_": true
}

[node name="CollisionShape2" type="CollisionShape" parent="Affected Bodies/WindBlownBody39"]
shape = SubResource( 3 )

[node name="MeshInstance" type="MeshInstance" parent="Affected Bodies/WindBlownBody39"]
mesh = SubResource( 4 )
material/0 = SubResource( 5 )

[node name="WindBlownBody38" type="RigidBody" parent="Affected Bodies" groups=[
"wind",
]]
transform = Transform( 1, 0, 0, 0, 1, 0, 0, 0, 1, 0, 69.4136, -11.8626 )
mass = 25.0
__meta__ = {
"_edit_group_": true
}

[node name="CollisionShape2" type="CollisionShape" parent="Affected Bodies/WindBlownBody38"]
shape = SubResource( 3 )

[node name="MeshInstance" type="MeshInstance" parent="Affected Bodies/WindBlownBody38"]
mesh = SubResource( 4 )
material/0 = SubResource( 5 )

[node name="WindBlownBody37" type="RigidBody" parent="Affected Bodies" groups=[
"wind",
]]
transform = Transform( 0.678121, 0.73495, 0, -0.38929, 0.359189, -0.848196, -0.623382, 0.57518, 0.529682, 1.69544, 64.4968, -29.9459 )
mass = 25.0
__meta__ = {
"_edit_group_": true
}

[node name="CollisionShape2" type="CollisionShape" parent="Affected Bodies/WindBlownBody37"]
shape = SubResource( 3 )

[node name="MeshInstance" type="MeshInstance" parent="Affected Bodies/WindBlownBody37"]
mesh = SubResource( 4 )
material/0 = SubResource( 5 )

[node name="WindBlownBody36" type="RigidBody" parent="Affected Bodies" groups=[
"wind",
]]
transform = Transform( 1, 0, 0, 0, 1, 0, 0, 0, 1, 0, 69.4136, -11.8626 )
mass = 25.0
__meta__ = {
"_edit_group_": true
}

[node name="CollisionShape2" type="CollisionShape" parent="Affected Bodies/WindBlownBody36"]
shape = SubResource( 3 )

[node name="MeshInstance" type="MeshInstance" parent="Affected Bodies/WindBlownBody36"]
mesh = SubResource( 4 )
material/0 = SubResource( 5 )

[node name="WindBlownBody35" type="RigidBody" parent="Affected Bodies" groups=[
"wind",
]]
transform = Transform( 0.678121, 0.73495, 0, -0.38929, 0.359189, -0.848196, -0.623382, 0.57518, 0.529682, 1.69544, 64.4968, -29.9459 )
mass = 25.0
__meta__ = {
"_edit_group_": true
}

[node name="CollisionShape2" type="CollisionShape" parent="Affected Bodies/WindBlownBody35"]
shape = SubResource( 3 )

[node name="MeshInstance" type="MeshInstance" parent="Affected Bodies/WindBlownBody35"]
mesh = SubResource( 4 )
material/0 = SubResource( 5 )

[node name="WindBlownBody82" type="RigidBody" parent="Affected Bodies" groups=[
"wind",
]]
transform = Transform( 1, 0, 0, 0, 1, 0, 0, 0, 1, 0, 26.9522, -11.8626 )
mass = 25.0
__meta__ = {
"_edit_group_": true
}

[node name="CollisionShape2" type="CollisionShape" parent="Affected Bodies/WindBlownBody82"]
shape = SubResource( 3 )

[node name="MeshInstance" type="MeshInstance" parent="Affected Bodies/WindBlownBody82"]
mesh = SubResource( 4 )
material/0 = SubResource( 5 )

[node name="WindBlownBody81" type="RigidBody" parent="Affected Bodies" groups=[
"wind",
]]
transform = Transform( 0.678121, 0.73495, 0, -0.38929, 0.359189, -0.848196, -0.623382, 0.57518, 0.529682, 1.69544, 22.0354, -29.9459 )
mass = 25.0
__meta__ = {
"_edit_group_": true
}

[node name="CollisionShape2" type="CollisionShape" parent="Affected Bodies/WindBlownBody81"]
shape = SubResource( 3 )

[node name="MeshInstance" type="MeshInstance" parent="Affected Bodies/WindBlownBody81"]
mesh = SubResource( 4 )
material/0 = SubResource( 5 )

[node name="WindBlownBody80" type="RigidBody" parent="Affected Bodies" groups=[
"wind",
]]
transform = Transform( 1, 0, 0, 0, 1, 0, 0, 0, 1, 0, 0, -4.1268 )
mass = 25.0
__meta__ = {
"_edit_group_": true
}

[node name="CollisionShape2" type="CollisionShape" parent="Affected Bodies/WindBlownBody80"]
shape = SubResource( 3 )

[node name="MeshInstance" type="MeshInstance" parent="Affected Bodies/WindBlownBody80"]
mesh = SubResource( 4 )
material/0 = SubResource( 5 )

[node name="WindBlownBody79" type="RigidBody" parent="Affected Bodies" groups=[
"wind",
]]
transform = Transform( 0.678121, 0.73495, 0, -0.38929, 0.359189, -0.848196, -0.623382, 0.57518, 0.529682, 1.69544, -4.91677, -22.2101 )
mass = 25.0
__meta__ = {
"_edit_group_": true
}

[node name="CollisionShape2" type="CollisionShape" parent="Affected Bodies/WindBlownBody79"]
shape = SubResource( 3 )

[node name="MeshInstance" type="MeshInstance" parent="Affected Bodies/WindBlownBody79"]
mesh = SubResource( 4 )
material/0 = SubResource( 5 )

[node name="WindBlownBody78" type="RigidBody" parent="Affected Bodies" groups=[
"wind",
]]
transform = Transform( 1, 0, 0, 0, 1, 0, 0, 0, 1, 0, 18.8608, -4.1268 )
mass = 25.0
__meta__ = {
"_edit_group_": true
}

[node name="CollisionShape2" type="CollisionShape" parent="Affected Bodies/WindBlownBody78"]
shape = SubResource( 3 )

[node name="MeshInstance" type="MeshInstance" parent="Affected Bodies/WindBlownBody78"]
mesh = SubResource( 4 )
material/0 = SubResource( 5 )

[node name="WindBlownBody77" type="RigidBody" parent="Affected Bodies" groups=[
"wind",
]]
transform = Transform( 0.678121, 0.73495, 0, -0.38929, 0.359189, -0.848196, -0.623382, 0.57518, 0.529682, 1.69544, 40.8962, -29.9459 )
mass = 25.0
__meta__ = {
"_edit_group_": true
}

[node name="CollisionShape2" type="CollisionShape" parent="Affected Bodies/WindBlownBody77"]
shape = SubResource( 3 )

[node name="MeshInstance" type="MeshInstance" parent="Affected Bodies/WindBlownBody77"]
mesh = SubResource( 4 )
material/0 = SubResource( 5 )

[node name="WindBlownBody76" type="RigidBody" parent="Affected Bodies" groups=[
"wind",
]]
transform = Transform( 1, 0, 0, 0, 1, 0, 0, 0, 1, 0, 45.8129, -11.8626 )
mass = 25.0
__meta__ = {
"_edit_group_": true
}

[node name="CollisionShape2" type="CollisionShape" parent="Affected Bodies/WindBlownBody76"]
shape = SubResource( 3 )

[node name="MeshInstance" type="MeshInstance" parent="Affected Bodies/WindBlownBody76"]
mesh = SubResource( 4 )
material/0 = SubResource( 5 )

[node name="WindBlownBody75" type="RigidBody" parent="Affected Bodies" groups=[
"wind",
]]
transform = Transform( 0.678121, 0.73495, 0, -0.38929, 0.359189, -0.848196, -0.623382, 0.57518, 0.529682, 1.69544, 40.8962, -29.9459 )
mass = 25.0
__meta__ = {
"_edit_group_": true
}

[node name="CollisionShape2" type="CollisionShape" parent="Affected Bodies/WindBlownBody75"]
shape = SubResource( 3 )

[node name="MeshInstance" type="MeshInstance" parent="Affected Bodies/WindBlownBody75"]
mesh = SubResource( 4 )
material/0 = SubResource( 5 )

[node name="WindBlownBody74" type="RigidBody" parent="Affected Bodies" groups=[
"wind",
]]
transform = Transform( 1, 0, 0, 0, 1, 0, 0, 0, 1, 0, 45.8129, -11.8626 )
mass = 25.0
__meta__ = {
"_edit_group_": true
}

[node name="CollisionShape2" type="CollisionShape" parent="Affected Bodies/WindBlownBody74"]
shape = SubResource( 3 )

[node name="MeshInstance" type="MeshInstance" parent="Affected Bodies/WindBlownBody74"]
mesh = SubResource( 4 )
material/0 = SubResource( 5 )

[node name="WindBlownBody73" type="RigidBody" parent="Affected Bodies" groups=[
"wind",
]]
transform = Transform( 0.678121, 0.73495, 0, -0.38929, 0.359189, -0.848196, -0.623382, 0.57518, 0.529682, 1.69544, 40.8962, -29.9459 )
mass = 25.0
__meta__ = {
"_edit_group_": true
}

[node name="CollisionShape2" type="CollisionShape" parent="Affected Bodies/WindBlownBody73"]
shape = SubResource( 3 )

[node name="MeshInstance" type="MeshInstance" parent="Affected Bodies/WindBlownBody73"]
mesh = SubResource( 4 )
material/0 = SubResource( 5 )

[node name="WindBlownBody72" type="RigidBody" parent="Affected Bodies" groups=[
"wind",
]]
transform = Transform( 1, 0, 0, 0, 1, 0, 0, 0, 1, 0, 18.8608, -4.1268 )
mass = 25.0
__meta__ = {
"_edit_group_": true
}

[node name="CollisionShape2" type="CollisionShape" parent="Affected Bodies/WindBlownBody72"]
shape = SubResource( 3 )

[node name="MeshInstance" type="MeshInstance" parent="Affected Bodies/WindBlownBody72"]
mesh = SubResource( 4 )
material/0 = SubResource( 5 )

[node name="WindBlownBody71" type="RigidBody" parent="Affected Bodies" groups=[
"wind",
]]
transform = Transform( 0.678121, 0.73495, 0, -0.38929, 0.359189, -0.848196, -0.623382, 0.57518, 0.529682, 1.69544, 13.944, -22.2101 )
mass = 25.0
__meta__ = {
"_edit_group_": true
}

[node name="CollisionShape2" type="CollisionShape" parent="Affected Bodies/WindBlownBody71"]
shape = SubResource( 3 )

[node name="MeshInstance" type="MeshInstance" parent="Affected Bodies/WindBlownBody71"]
mesh = SubResource( 4 )
material/0 = SubResource( 5 )

[node name="WindBlownBody70" type="RigidBody" parent="Affected Bodies" groups=[
"wind",
]]
transform = Transform( 1, 0, 0, 0, 1, 0, 0, 0, 1, 0, 35.1017, -4.1268 )
mass = 25.0
__meta__ = {
"_edit_group_": true
}

[node name="CollisionShape2" type="CollisionShape" parent="Affected Bodies/WindBlownBody70"]
shape = SubResource( 3 )

[node name="MeshInstance" type="MeshInstance" parent="Affected Bodies/WindBlownBody70"]
mesh = SubResource( 4 )
material/0 = SubResource( 5 )

[node name="WindBlownBody69" type="RigidBody" parent="Affected Bodies" groups=[
"wind",
]]
transform = Transform( 0.678121, 0.73495, 0, -0.38929, 0.359189, -0.848196, -0.623382, 0.57518, 0.529682, 1.69544, 57.1371, -29.9459 )
mass = 25.0
__meta__ = {
"_edit_group_": true
}

[node name="CollisionShape2" type="CollisionShape" parent="Affected Bodies/WindBlownBody69"]
shape = SubResource( 3 )

[node name="MeshInstance" type="MeshInstance" parent="Affected Bodies/WindBlownBody69"]
mesh = SubResource( 4 )
material/0 = SubResource( 5 )

[node name="WindBlownBody68" type="RigidBody" parent="Affected Bodies" groups=[
"wind",
]]
transform = Transform( 1, 0, 0, 0, 1, 0, 0, 0, 1, 0, 62.0539, -11.8626 )
mass = 25.0
__meta__ = {
"_edit_group_": true
}

[node name="CollisionShape2" type="CollisionShape" parent="Affected Bodies/WindBlownBody68"]
shape = SubResource( 3 )

[node name="MeshInstance" type="MeshInstance" parent="Affected Bodies/WindBlownBody68"]
mesh = SubResource( 4 )
material/0 = SubResource( 5 )

[node name="WindBlownBody67" type="RigidBody" parent="Affected Bodies" groups=[
"wind",
]]
transform = Transform( 0.678121, 0.73495, 0, -0.38929, 0.359189, -0.848196, -0.623382, 0.57518, 0.529682, 1.69544, 57.1371, -29.9459 )
mass = 25.0
__meta__ = {
"_edit_group_": true
}

[node name="CollisionShape2" type="CollisionShape" parent="Affected Bodies/WindBlownBody67"]
shape = SubResource( 3 )

[node name="MeshInstance" type="MeshInstance" parent="Affected Bodies/WindBlownBody67"]
mesh = SubResource( 4 )
material/0 = SubResource( 5 )

[node name="WindBlownBody66" type="RigidBody" parent="Affected Bodies" groups=[
"wind",
]]
transform = Transform( 1, 0, 0, 0, 1, 0, 0, 0, 1, 0, 62.0539, -11.8626 )
mass = 25.0
__meta__ = {
"_edit_group_": true
}

[node name="CollisionShape2" type="CollisionShape" parent="Affected Bodies/WindBlownBody66"]
shape = SubResource( 3 )

[node name="MeshInstance" type="MeshInstance" parent="Affected Bodies/WindBlownBody66"]
mesh = SubResource( 4 )
material/0 = SubResource( 5 )

[node name="WindBlownBody65" type="RigidBody" parent="Affected Bodies" groups=[
"wind",
]]
transform = Transform( 0.678121, 0.73495, 0, -0.38929, 0.359189, -0.848196, -0.623382, 0.57518, 0.529682, 1.69544, 57.1371, -29.9459 )
mass = 25.0
__meta__ = {
"_edit_group_": true
}

[node name="CollisionShape2" type="CollisionShape" parent="Affected Bodies/WindBlownBody65"]
shape = SubResource( 3 )

[node name="MeshInstance" type="MeshInstance" parent="Affected Bodies/WindBlownBody65"]
mesh = SubResource( 4 )
material/0 = SubResource( 5 )

[node name="WindBlownBody64" type="RigidBody" parent="Affected Bodies" groups=[
"wind",
]]
transform = Transform( 1, 0, 0, 0, 1, 0, 0, 0, 1, 0, 35.1017, -4.1268 )
mass = 25.0
__meta__ = {
"_edit_group_": true
}

[node name="CollisionShape2" type="CollisionShape" parent="Affected Bodies/WindBlownBody64"]
shape = SubResource( 3 )

[node name="MeshInstance" type="MeshInstance" parent="Affected Bodies/WindBlownBody64"]
mesh = SubResource( 4 )
material/0 = SubResource( 5 )

[node name="WindBlownBody63" type="RigidBody" parent="Affected Bodies" groups=[
"wind",
]]
transform = Transform( 0.678121, 0.73495, 0, -0.38929, 0.359189, -0.848196, -0.623382, 0.57518, 0.529682, 1.69544, 30.1849, -22.2101 )
mass = 25.0
__meta__ = {
"_edit_group_": true
}

[node name="CollisionShape2" type="CollisionShape" parent="Affected Bodies/WindBlownBody63"]
shape = SubResource( 3 )

[node name="MeshInstance" type="MeshInstance" parent="Affected Bodies/WindBlownBody63"]
mesh = SubResource( 4 )
material/0 = SubResource( 5 )

[node name="WindBlownBody62" type="RigidBody" parent="Affected Bodies" groups=[
"wind",
]]
transform = Transform( 1, 0, 0, 0, 1, 0, 0, 0, 1, 0, 42.4614, -4.1268 )
mass = 25.0
__meta__ = {
"_edit_group_": true
}

[node name="CollisionShape2" type="CollisionShape" parent="Affected Bodies/WindBlownBody62"]
shape = SubResource( 3 )

[node name="MeshInstance" type="MeshInstance" parent="Affected Bodies/WindBlownBody62"]
mesh = SubResource( 4 )
material/0 = SubResource( 5 )

[node name="WindBlownBody61" type="RigidBody" parent="Affected Bodies" groups=[
"wind",
]]
transform = Transform( 0.678121, 0.73495, 0, -0.38929, 0.359189, -0.848196, -0.623382, 0.57518, 0.529682, 1.69544, 64.4968, -29.9459 )
mass = 25.0
__meta__ = {
"_edit_group_": true
}

[node name="CollisionShape2" type="CollisionShape" parent="Affected Bodies/WindBlownBody61"]
shape = SubResource( 3 )

[node name="MeshInstance" type="MeshInstance" parent="Affected Bodies/WindBlownBody61"]
mesh = SubResource( 4 )
material/0 = SubResource( 5 )

[node name="WindBlownBody60" type="RigidBody" parent="Affected Bodies" groups=[
"wind",
]]
transform = Transform( 1, 0, 0, 0, 1, 0, 0, 0, 1, 0, 69.4136, -11.8626 )
mass = 25.0
__meta__ = {
"_edit_group_": true
}

[node name="CollisionShape2" type="CollisionShape" parent="Affected Bodies/WindBlownBody60"]
shape = SubResource( 3 )

[node name="MeshInstance" type="MeshInstance" parent="Affected Bodies/WindBlownBody60"]
mesh = SubResource( 4 )
material/0 = SubResource( 5 )

[node name="WindBlownBody59" type="RigidBody" parent="Affected Bodies" groups=[
"wind",
]]
transform = Transform( 0.678121, 0.73495, 0, -0.38929, 0.359189, -0.848196, -0.623382, 0.57518, 0.529682, 1.69544, 64.4968, -29.9459 )
mass = 25.0
__meta__ = {
"_edit_group_": true
}

[node name="CollisionShape2" type="CollisionShape" parent="Affected Bodies/WindBlownBody59"]
shape = SubResource( 3 )

[node name="MeshInstance" type="MeshInstance" parent="Affected Bodies/WindBlownBody59"]
mesh = SubResource( 4 )
material/0 = SubResource( 5 )

[node name="WindBlownBody58" type="RigidBody" parent="Affected Bodies" groups=[
"wind",
]]
transform = Transform( 1, 0, 0, 0, 1, 0, 0, 0, 1, 0, 69.4136, -11.8626 )
mass = 25.0
__meta__ = {
"_edit_group_": true
}

[node name="CollisionShape2" type="CollisionShape" parent="Affected Bodies/WindBlownBody58"]
shape = SubResource( 3 )

[node name="MeshInstance" type="MeshInstance" parent="Affected Bodies/WindBlownBody58"]
mesh = SubResource( 4 )
material/0 = SubResource( 5 )

[node name="WindBlownBody57" type="RigidBody" parent="Affected Bodies" groups=[
"wind",
]]
transform = Transform( 0.678121, 0.73495, 0, -0.38929, 0.359189, -0.848196, -0.623382, 0.57518, 0.529682, 1.69544, 64.4968, -29.9459 )
mass = 25.0
__meta__ = {
"_edit_group_": true
}

[node name="CollisionShape2" type="CollisionShape" parent="Affected Bodies/WindBlownBody57"]
shape = SubResource( 3 )

[node name="MeshInstance" type="MeshInstance" parent="Affected Bodies/WindBlownBody57"]
mesh = SubResource( 4 )
material/0 = SubResource( 5 )

[node name="WindBlownBody108" type="RigidBody" parent="Affected Bodies" groups=[
"wind",
]]
transform = Transform( 1, 0, 0, 0, 1, 0, 0, 0, 1, 0, 26.9522, -11.8626 )
mass = 25.0
__meta__ = {
"_edit_group_": true
}

[node name="CollisionShape2" type="CollisionShape" parent="Affected Bodies/WindBlownBody108"]
shape = SubResource( 3 )

[node name="MeshInstance" type="MeshInstance" parent="Affected Bodies/WindBlownBody108"]
mesh = SubResource( 4 )
material/0 = SubResource( 5 )

[node name="WindBlownBody107" type="RigidBody" parent="Affected Bodies" groups=[
"wind",
]]
transform = Transform( 0.678121, 0.73495, 0, -0.38929, 0.359189, -0.848196, -0.623382, 0.57518, 0.529682, 1.69544, 22.0354, -29.9459 )
mass = 25.0
__meta__ = {
"_edit_group_": true
}

[node name="CollisionShape2" type="CollisionShape" parent="Affected Bodies/WindBlownBody107"]
shape = SubResource( 3 )

[node name="MeshInstance" type="MeshInstance" parent="Affected Bodies/WindBlownBody107"]
mesh = SubResource( 4 )
material/0 = SubResource( 5 )

[node name="WindBlownBody106" type="RigidBody" parent="Affected Bodies" groups=[
"wind",
]]
transform = Transform( 1, 0, 0, 0, 1, 0, 0, 0, 1, 0, 0, -4.1268 )
mass = 25.0
__meta__ = {
"_edit_group_": true
}

[node name="CollisionShape2" type="CollisionShape" parent="Affected Bodies/WindBlownBody106"]
shape = SubResource( 3 )

[node name="MeshInstance" type="MeshInstance" parent="Affected Bodies/WindBlownBody106"]
mesh = SubResource( 4 )
material/0 = SubResource( 5 )

[node name="WindBlownBody105" type="RigidBody" parent="Affected Bodies" groups=[
"wind",
]]
transform = Transform( 0.678121, 0.73495, 0, -0.38929, 0.359189, -0.848196, -0.623382, 0.57518, 0.529682, 1.69544, -4.91677, -22.2101 )
mass = 25.0
__meta__ = {
"_edit_group_": true
}

[node name="CollisionShape2" type="CollisionShape" parent="Affected Bodies/WindBlownBody105"]
shape = SubResource( 3 )

[node name="MeshInstance" type="MeshInstance" parent="Affected Bodies/WindBlownBody105"]
mesh = SubResource( 4 )
material/0 = SubResource( 5 )

[node name="WindBlownBody104" type="RigidBody" parent="Affected Bodies" groups=[
"wind",
]]
transform = Transform( 1, 0, 0, 0, 1, 0, 0, 0, 1, 0, 18.8608, -4.1268 )
mass = 25.0
__meta__ = {
"_edit_group_": true
}

[node name="CollisionShape2" type="CollisionShape" parent="Affected Bodies/WindBlownBody104"]
shape = SubResource( 3 )

[node name="MeshInstance" type="MeshInstance" parent="Affected Bodies/WindBlownBody104"]
mesh = SubResource( 4 )
material/0 = SubResource( 5 )

[node name="WindBlownBody103" type="RigidBody" parent="Affected Bodies" groups=[
"wind",
]]
transform = Transform( 0.678121, 0.73495, 0, -0.38929, 0.359189, -0.848196, -0.623382, 0.57518, 0.529682, 1.69544, 40.8962, -29.9459 )
mass = 25.0
__meta__ = {
"_edit_group_": true
}

[node name="CollisionShape2" type="CollisionShape" parent="Affected Bodies/WindBlownBody103"]
shape = SubResource( 3 )

[node name="MeshInstance" type="MeshInstance" parent="Affected Bodies/WindBlownBody103"]
mesh = SubResource( 4 )
material/0 = SubResource( 5 )

[node name="WindBlownBody102" type="RigidBody" parent="Affected Bodies" groups=[
"wind",
]]
transform = Transform( 1, 0, 0, 0, 1, 0, 0, 0, 1, 0, 45.8129, -11.8626 )
mass = 25.0
__meta__ = {
"_edit_group_": true
}

[node name="CollisionShape2" type="CollisionShape" parent="Affected Bodies/WindBlownBody102"]
shape = SubResource( 3 )

[node name="MeshInstance" type="MeshInstance" parent="Affected Bodies/WindBlownBody102"]
mesh = SubResource( 4 )
material/0 = SubResource( 5 )

[node name="WindBlownBody101" type="RigidBody" parent="Affected Bodies" groups=[
"wind",
]]
transform = Transform( 0.678121, 0.73495, 0, -0.38929, 0.359189, -0.848196, -0.623382, 0.57518, 0.529682, 1.69544, 40.8962, -29.9459 )
mass = 25.0
__meta__ = {
"_edit_group_": true
}

[node name="CollisionShape2" type="CollisionShape" parent="Affected Bodies/WindBlownBody101"]
shape = SubResource( 3 )

[node name="MeshInstance" type="MeshInstance" parent="Affected Bodies/WindBlownBody101"]
mesh = SubResource( 4 )
material/0 = SubResource( 5 )

[node name="WindBlownBody100" type="RigidBody" parent="Affected Bodies" groups=[
"wind",
]]
transform = Transform( 1, 0, 0, 0, 1, 0, 0, 0, 1, 0, 45.8129, -11.8626 )
mass = 25.0
__meta__ = {
"_edit_group_": true
}

[node name="CollisionShape2" type="CollisionShape" parent="Affected Bodies/WindBlownBody100"]
shape = SubResource( 3 )

[node name="MeshInstance" type="MeshInstance" parent="Affected Bodies/WindBlownBody100"]
mesh = SubResource( 4 )
material/0 = SubResource( 5 )

[node name="WindBlownBody99" type="RigidBody" parent="Affected Bodies" groups=[
"wind",
]]
transform = Transform( 0.678121, 0.73495, 0, -0.38929, 0.359189, -0.848196, -0.623382, 0.57518, 0.529682, 1.69544, 40.8962, -29.9459 )
mass = 25.0
__meta__ = {
"_edit_group_": true
}

[node name="CollisionShape2" type="CollisionShape" parent="Affected Bodies/WindBlownBody99"]
shape = SubResource( 3 )

[node name="MeshInstance" type="MeshInstance" parent="Affected Bodies/WindBlownBody99"]
mesh = SubResource( 4 )
material/0 = SubResource( 5 )

[node name="WindBlownBody98" type="RigidBody" parent="Affected Bodies" groups=[
"wind",
]]
transform = Transform( 1, 0, 0, 0, 1, 0, 0, 0, 1, 0, 18.8608, -4.1268 )
mass = 25.0
__meta__ = {
"_edit_group_": true
}

[node name="CollisionShape2" type="CollisionShape" parent="Affected Bodies/WindBlownBody98"]
shape = SubResource( 3 )

[node name="MeshInstance" type="MeshInstance" parent="Affected Bodies/WindBlownBody98"]
mesh = SubResource( 4 )
material/0 = SubResource( 5 )

